K1
9.597910000000000537e+02 0.000000000000000000e+00 6.960217000000000098e+02
0.000000000000000000e+00 9.569251000000000431e+02 2.241805999999999983e+02
0.000000000000000000e+00 0.000000000000000000e+00 1.000000000000000000e+00
K2
9.037595999999999776e+02 0.000000000000000000e+00 6.957518999999999778e+02
0.000000000000000000e+00 9.019652999999999565e+02 2.242509000000000015e+02
0.000000000000000000e+00 0.000000000000000000e+00 1.000000000000000000e+00
dist1
-3.691480999999999790e-01
1.968680999999999903e-01
1.353473000000000002e-03
5.677587000000000432e-04
-6.770705000000000473e-02
dist2
-3.639557999999999960e-01
1.788650999999999991e-01
6.029693999999999939e-04
-3.922423999999999768e-04
-5.382460000000000022e-02
R1
9.999757999999999702e-01 -5.267463000000000006e-03 -4.552439000000000138e-03
5.251945000000000051e-03 9.999803999999999915e-01 -3.413835000000000047e-03
4.570331999999999867e-03 3.389843000000000023e-03 9.999837999999999782e-01
R2
9.995598999999999457e-01 1.699521999999999838e-02 -2.431312999999999877e-02
-1.704421999999999882e-02 9.998531000000000502e-01 -1.809756000000000038e-03
2.427879999999999969e-02 2.223357999999999932e-03 9.997028000000000025e-01
T1
5.956621000000000138e-02
2.900140999999999852e-04
2.577209000000000010e-03
T2
-4.731049999999999978e-01
5.551470000000000189e-03
-5.250882000000000119e-03
